% insert an "at rest" pose frame at the beginning and end of the sequence

function seq = LMAtRest(seq)

    atRest = [0.0543916692158842,0.0418621041724822,0.0270563607985381,0.0705394992442822,0.0626042908807851,0.0623410497716873,0.0583270760904957,0.0544182124781133,0.0758999892987363,0.0297839586930254,0.0781705100765614,0.0388669593806832,0.0506260808906587,0.0621006817653634,0.0634304803080165,0.0489890177067801,0.0435463023314460,0.0561465920638015,0.0429926728188649,0.0357818465979783,0.0461587456919257,0.0125113830313851,0.0740342832558716,0.0482259664872730,0.0413080003601597,0.0544692369603871,0.0698815383771048,0.0395119737508054,0.0341486238918140,0.0572384781092809,0.0313449631120459,0.0278854742928772,0.0449880538583528,-0.00410251091545408,0.0619514691648282,0.0546966336830660,0.0250494855805903,0.0467326628421548,0.0737373541108117,0.0264223307825552,0.0284204966693909,0.0598888933258536,0.0196421197620937,0.0222388901773498,0.0467810147905768,-0.0152333649168078,0.0483189500160180,0.0609832055685136,0.0101160966804069,0.0415145407216462,0.0755126519064167,0.0134166422816758,0.0281808192448876,0.0654967510325974,0.00749534611988427,0.0213869781143359,0.0535058388714157,0.0120433063173693,0.0527567057450196,0.0395055536840003,0,0,0,0.0281506312278308,0.0144404619981810,0.00479739708110244,-0.0541679299764296,-0.141323117321410,-0.184971921849311,0.0132483118212490,-0.000552413588717396,-0.0187930059626967,-0.0186282344072358,-0.0134837327945593,0.000421702257526413,-0.0385661208433235,-0.134928158469819,-0.194256460149880,-0.0697101361120860,-0.147562200329130,-0.175483396764069,-0.0566904645336672,0.0229276865598897,0.0400492603512625,-0.0702271212662532,0.0299339730225086,0.0813248084942958,-0.0552948533782847,0.0211305119718152,0.0913011028589821,-0.0405763384454676,0.0594556426558160,0.0580933518697057,-0.0533591042711629,0.0302894360907562,0.0748842211875730,-0.0518293142225197,0.0159523285099465,0.0610239510378479,-0.0472834942746631,0.0141194868694648,0.0479099809096760,-0.0220702683203779,0.0568702096988765,0.0652975384262497,-0.0432900728244176,0.0250084525252473,0.0799791026010582,-0.0418129698923311,0.00938527631501648,0.0618205087118800,-0.0352966348038550,0.00835922696505589,0.0472436572086870,-0.00296555976358601,0.0474309487439467,0.0677543161291764,-0.0261487597806879,0.0205625505536449,0.0813421200597030,-0.0280208459842709,0.00698306862604252,0.0628734177819501,-0.0230786438108664,0.00604364205610337,0.0476848656654089,0.0111624472510102,0.0353752286690115,0.0698771262161194,-0.0109398106360613,0.0186890072781180,0.0814122990361282,-0.0128915481220478,0.00771718392706018,0.0685744716054850,-0.00729146061576394,0.00514487784365399,0.0548988633435013,-0.0182868929585699,0.0390049393068930,0.0513147567039677,0,0,0,-0.0297878692034304,0.00784485283252953,0.00866839848849133,0.0647498749964907,-0.112626020720008,-0.200608656704329,-0.0141507799163723,-0.00108357746192732,-0.0180992068235709,0.0205817515850293,-0.0101024653516996,-0.00182529326680769,0.0477470153988165,-0.108158141947364,-0.208448098533959,0.0816813600125192,-0.116969750411318,-0.192548184483341];
    seq = [atRest; seq; atRest];

end