% insert an "at rest" pose frame at the beginning and end of the sequence

function newSeq = MHADAtRest(seq)

    pTORS = [-5.06087117666061,-469.226618505308,1.64730285487343];
    pNECK = [0,0,0];
    pHEAD = [-2.58625903665916,66.9551658874400,12.7164093356063];
    pRSHO = [-40.0145162884319,-130.089254371758,-14.3049080518937];
    pRELB = [-167.300616991970,-139.209866528570,0.520788430120291];
    pRHND = [-201.996392615293,-509.104175151405,126.052520443321];
    pLSHO = [33.9792522477460,-131.992538637390,-12.3444794103146];
    pLELB = [155.849261258839,-132.349927865758,4.37911967046333];
    pLHND = [195.812428286143,-506.625843835588,119.873831566123];
    pRHIP = [-61.6591330348672,-480.628831451534,-6.16883061499487];
    pRKNE = [-102.231259686609,-849.484442839888,13.0381320620792];
    pRFOT = [-127.003958412677,-1225.58309458064,-14.3584739433492];
    pLHIP = [51.6457915863875,-479.038302616694,-7.43844978518339];
    pLKNE = [82.8768013953942,-849.298987577376,-6.38198030815829];
    pLFOT = [108.950388502915,-1225.02158743246,-37.4810554951386];
    
    atRest = [pTORS pNECK pHEAD pRSHO pRELB pRHND pLSHO pLELB pLHND  ...
        pRHIP pRKNE pRFOT pLHIP pLKNE pLFOT];
 
    newSeq = [atRest; seq; atRest];

end