% insert an "at rest" pose frame at the beginning and end of the sequence

function seq = MSASLAtRest(seq)

    pHEAD = [7.10936723155533,-186.560749613678,0];
    pSHO =  [27.0720000000000,-0.0450000000000728,0];
    pRSHO = [-135.992894661847,6.10958283890238,0];
    pRELB = [-207.566489092921,236.668592962593,0];
    pRHND = [-213.437649448451,396.992125973438,0];
    pLSHO = [185.515440595310,-12.1608148021642,0];
    pLELB = [252.516155126982,226.842497604265,0];
    pLHND = [244.542714764336,387.080240801002,0];
    pRHIP = [0 0 0];
    pRKNE = [0 0 0];
    pRFOT = [0 0 0];
    pLHIP = [0 0 0];
    pLKNE = [0 0 0];
    pLFOT = [0 0 0];
    pRHED = [-23.8364642559053,-221.586399608356,0];
    pLHED = [42.8417984258664,-220.123346204881,0];
    pREAR = [-71.7804433092389,-217.235451029769,0];
    pLEAR = [97.3091048559551,-224.026803550725,0];

    atRest = [pHEAD pSHO  pRSHO pRELB pRHND pLSHO pLELB pLHND pRHIP ...
              pRKNE pRFOT pLHIP pLKNE pLFOT pRHED pLHED pREAR pLEAR];
    
    seq = [atRest; seq; atRest];

end
