% insert an "at rest" pose frame at the beginning and end of the sequence

function seq = NTURGBDAtRest(seq)

    pHIP = [0.00397235788515958 -0.319291231327030 -0.00495797386122602];
    pSPIN = [0.000365131302757125 -0.0293486202965023 -0.000455727179504247];
    pNECK = [0.00280811901277657 0.258605134433798 -0.00352362683419772];
    pHEAD = [-0.0342252590965868 0.384006693171260 0.00447499629880481];
    pLSHO = [-0.145866127113456 0.132887608921848 -0.0429083424429850];
    pLELB = [-0.211316640002482 -0.0899096075000416 -0.000793847109180984];
    pLWST = [-0.291283972870531 -0.296565821540790 0.0484751580798333];
    pLHND = [-0.298131157913499 -0.360133231725953 0.0253169971135861];
    pRSHO = [0.158929815065433 0.196515198413374 -0.0375729625422241];
    pRELB = [0.232851099188979 -0.0262237537917639 -0.0624527319158194];
    pRWST = [0.227407641448354 -0.239737380695360 -0.139337710255531];
    pRHND = [0.217034217907935 -0.306305860212894 -0.148558860876507];
    pLHIP = [-0.0508517023411498 -0.323166453366737 -0.0574489737987865];
    pLKNE = [-0.0689543707020480 -0.650369701656516 0.0167556601995850];
    pLANK = [-0.0754739877226847 -1.00527382216792 0.0116999863642642];
    pLFOT = [-0.0958046755854563 -1.09576373690151 -0.0612536870356043];
    pRHIP = [0.0780859062456610 -0.307959364910092 -0.0173986632683405];
    pRKNE = [0.174723378320790 -0.627773382766075 0.0183251799423534];
    pRANK = [0.203825425175631 -0.975707749296975 0.0825104388076097];
    pRFOT = [0.197514835298647 -1.05957579448339 -0.000256266164949476];
    pSHO = [0.00127496825823386 0.186646245461532 -0.00163477886757435];
    pLTIP = [-0.299026650860141 -0.424082966766479 0.0276896497702177];
    pLTHM = [-0.285908452819005 -0.402401001876118 0.0251142985545743];
    pRTIP = [0.203326873905746 -0.367706337736291 -0.160310034447880];
    pRTHM = [0.238520923460392 -0.339013292976980 -0.168672173047426];

    atRest = [pHIP pSPIN pNECK pHEAD pLSHO pLELB pLWST pLHND pRSHO pRELB ...
              pRWST pRHND pLHIP pLKNE pLANK pLFOT pRHIP pRKNE pRANK pRFOT ...
              pSHO pLTIP pLTHM pRTIP pRTHM];
    
    seq = [atRest; seq; atRest];

end
